0.4 536
0.6 1072
0.800001 1608
1 2144
1 2680
1.2 3216
1.2 3752
1.2 4288
1.4 4824
1.4 5360
1.4 5896
1.4 6432
1.6 6968
1.6 7504
1.6 8040
1.6 8576
1.6 9112
1.6 9648
1.8 10184
1.8 10720
1.8 11256
1.8 11792
1.8 12328
1.8 12864
1.8 13400
1.8 13936
1.8 14472
2 15008
2 15544
2 16080
2 16616
2 17152
2 17688
2 18224
2 18760
2 19296
2 19832
2 20368
2 20904
2 21440
2 21976
2.2 22512
2.2 23048
2.2 23584
2.2 24120
2.2 24656
2.2 25192
2.2 25728
2.2 26264
2.2 26800
2.2 27336
2.2 27872
2.2 28408
2.2 28944
2.2 29480
2.2 30016
2.2 30552
2.2 31088
2.2 31624
2.2 32160
2.2 32696
2.20001 33232
2.4 33768
2.4 34304
2.4 34840
2.4 35376
2.4 35912
2.4 36448
2.4 36984
2.4 37520
2.4 38056
2.4 38592
2.4 39128
2.4 39664
2.4 40200
2.4 40736
2.4 41272
2.4 41808
2.4 42344
2.4 42880
2.4 43416
2.40001 43952
2.40001 44488
2.40001 45024
2.40001 45560
2.40001 46096
2.40001 46632
2.40001 47168
2.40001 47704
2.40001 48240
2.40001 48776
2.40001 49312
2.40001 49848
2.6 50384
2.6 50920
2.6 51456
2.6 51992
2.6 52528
2.6 53064
2.6 53600
2.6 54136
2.6 54672
2.6 55208
2.6 55744
2.6 56280
2.6 56816
2.6 57352
2.6 57888
2.6 58424
2.6 58960
2.6 59496
2.60001 60032
2.60001 60568
2.60001 61104
2.60001 61640
2.60001 62176
2.60001 62712
2.60001 63248
2.60001 63784
2.60001 64320
2.60001 64856
2.60001 65392
2.60001 65928
2.60001 66464
2.60001 67000
2.60001 67536
2.60001 68072
2.60001 68608
2.60001 69144
2.60001 69680
2.60001 70216
2.60001 70752
2.60001 71288
2.60001 71824
2.60001 72360
2.60001 72896
2.60001 73432
2.60001 73968
2.60001 74504
2.60001 75040
2.8 75576
2.8 76112
2.8 76648
2.8 77184
2.8 77720
2.8 78256
2.8 78792
2.8 79328
2.8 79864
2.8 80400
2.8 80936
2.8 81472
2.8 82008
2.8 82544
2.8 83080
2.8 83616
2.8 84152
2.80001 84688
2.80001 85224
2.80001 85760
2.80001 86296
2.80001 86832
2.80001 87368
2.80001 87904
2.80001 88440
2.80001 88976
2.80001 89512
2.80001 90048
2.80001 90584
2.80001 91120
2.80001 91656
2.80001 92192
2.80001 92728
2.80001 93264
2.80001 93800
2.80001 94336
2.80001 94872
2.80001 95408
2.80001 95944
2.80001 96480
2.80001 97016
2.80001 97552
2.80001 98088
2.80001 98624
2.80001 99160
2.80001 99696
2.80001 100232
2.80001 100768
2.80001 101304
2.80001 101840
2.80001 102376
2.80001 102912
2.80001 103448
2.80001 103984
2.80001 104520
2.80001 105056
2.80001 105592
2.80001 106128
2.80001 106664
2.80001 107200
2.80001 107736
2.80001 108272
2.80001 108808
2.80001 109344
2.80001 109880
2.80001 110416
2.80001 110952
2.80001 111488
2.80001 112024
2.80001 112560
3 113096
3 113632
3 114168
3 114704
3 115240
3 115776
3 116312
3 116848
3 117384
3 117920
3 118456
3 118992
3 119528
3 120064
3 120600
3 121136
3.00001 121672
3.00001 122208
3.00001 122744
3.00001 123280
3.00001 123816
3.00001 124352
3.00001 124888
3.00001 125424
3.00001 125960
3.00001 126496
3.00001 127032
3.00001 127568
3.00001 128104
3.00001 128640
3.00001 129176
3.00001 129712
3.00001 130248
3.00001 130784
3.00001 131320
3.00001 131856
3.00001 132392
3.00001 132928
3.00001 133464
3.00001 134000
3.00001 134536
3.00001 135072
3.00001 135608
3.00001 136144
3.00001 136680
3.00001 137216
3.00001 137752
3.00001 138288
3.00001 138824
3.00001 139360
3.00001 139896
3.00001 140432
3.00001 140968
3.00001 141504
3.00001 142040
3.00001 142576
3.00001 143112
3.00001 143648
3.00001 144184
3.00001 144720
3.00001 145256
3.00001 145792
3.00001 146328
3.00001 146864
3.00001 147400
3.00001 147936
3.00001 148472
3.00001 149008
3.00001 149544
3.00001 150080
3.00002 150616
3.00002 151152
3.00002 151688
3.00002 152224
3.00002 152760
3.00002 153296
3.00002 153832
3.00002 154368
3.00002 154904
3.00002 155440
3.00002 155976
3.00002 156512
3.00002 157048
3.00002 157584
3.00002 158120
3.00002 158656
3.00002 159192
3.00002 159728
3.00002 160264
3.00002 160800
3.00002 161336
3.00002 161872
3.00002 162408
3.00002 162944
3.00002 163480
3.00002 164016
3.00002 164552
3.00002 165088
3.00002 165624
3.00002 166160
3.00002 166696
3.00002 167232
3.00002 167768
3.00002 168304
3.00002 168840
3.2 169376
3.2 169912
3.2 170448
3.2 170984
3.2 171520
3.2 172056
3.2 172592
3.2 173128
3.2 173664
3.2 174200
3.2 174736
3.2 175272
3.2 175808
3.2 176344
3.2 176880
3.2 177416
3.20001 177952
3.20001 178488
3.20001 179024
3.20001 179560
3.20001 180096
3.20001 180632
3.20001 181168
3.20001 181704
3.20001 182240
3.20001 182776
3.20001 183312
3.20001 183848
3.20001 184384
3.20001 184920
3.20001 185456
3.20001 185992
3.20001 186528
3.20001 187064
3.20001 187600
3.20001 188136
3.20001 188672
3.20001 189208
3.20001 189744
3.20001 190280
3.20001 190816
3.20001 191352
3.20001 191888
3.20001 192424
3.20001 192960
3.20001 193496
3.20001 194032
3.20001 194568
3.20001 195104
3.20001 195640
3.20001 196176
3.20001 196712
3.20001 197248
3.20001 197784
3.20001 198320
3.20001 198856
3.20001 199392
3.20001 199928
3.20001 200464
3.20001 201000
3.20001 201536
3.20001 202072
3.20001 202608
3.20001 203144
3.20001 203680
3.20001 204216
3.20001 204752
3.20001 205288
3.20001 205824
3.20001 206360
3.20002 206896
3.20002 207432
3.20002 207968
3.20002 208504
3.20002 209040
3.20002 209576
3.20002 210112
3.20002 210648
3.20002 211184
3.20002 211720
3.20002 212256
3.20002 212792
3.20002 213328
3.20002 213864
3.20002 214400
3.20002 214936
3.20002 215472
3.20002 216008
3.20002 216544
3.20002 217080
3.20002 217616
3.20002 218152
3.20002 218688
3.20002 219224
3.20002 219760
3.20002 220296
3.20002 220832
3.20002 221368
3.20002 221904
3.20002 222440
3.20002 222976
3.20002 223512
3.20002 224048
3.20002 224584
3.20002 225120
3.20002 225656
3.20002 226192
3.20002 226728
3.20002 227264
3.20002 227800
3.20002 228336
3.20002 228872
3.20002 229408
3.20002 229944
3.20002 230480
3.20002 231016
3.20002 231552
3.20002 232088
3.20002 232624
3.20002 233160
3.20002 233696
3.20002 234232
3.20002 234768
3.20002 235304
3.20002 235840
3.4 236376
3.4 236912
3.4 237448
3.4 237984
3.4 238520
3.4 239056
3.4 239592
3.4 240128
3.4 240664
3.4 241200
3.4 241736
3.4 242272
3.4 242808
3.4 243344
3.4 243880
3.4 244416
3.40001 244952
3.40001 245488
3.40001 246024
3.40001 246560
3.40001 247096
3.40001 247632
3.40001 248168
3.40001 248704
3.40001 249240
3.40001 249776
3.40001 250312
3.40001 250848
3.40001 251384
3.40001 251920
3.40001 252456
3.40001 252992
3.40001 253528
3.40001 254064
3.40001 254600
3.40001 255136
3.40001 255672
3.40001 256208
3.40001 256744
3.40001 257280
3.40001 257816
3.40001 258352
3.40001 258888
3.40001 259424
3.40001 259960
3.40001 260496
3.40001 261032
3.40001 261568
3.40001 262104
3.40001 262640
3.40001 263176
3.40001 263712
3.40001 264248
3.40001 264784
3.40001 265320
3.40001 265856
3.40001 266392
3.40001 266928
3.40001 267464
3.40001 268000
3.40001 268536
3.40001 269072
3.40001 269608
3.40001 270144
3.40001 270680
3.40001 271216
3.40001 271752
3.40001 272288
3.40001 272824
3.40001 273360
3.40001 273896
3.40002 274432
3.40002 274968
3.40002 275504
3.40002 276040
3.40002 276576
3.40002 277112
3.40002 277648
3.40002 278184
3.40002 278720
3.40002 279256
3.40002 279792
3.40002 280328
3.40002 280864
3.40002 281400
3.40002 281936
3.40002 282472
3.40002 283008
3.40002 283544
3.40002 284080
3.40002 284616
3.40002 285152
3.40002 285688
3.40002 286224
3.40002 286760
3.40002 287296
3.40002 287832
3.40002 288368
3.40002 288904
3.40002 289440
3.40002 289976
3.40002 290512
3.40002 291048
3.40002 291584
3.40002 292120
3.40002 292656
3.40002 293192
3.40002 293728
3.40002 294264
3.40002 294800
3.40002 295336
3.40002 295872
3.40002 296408
3.40002 296944
3.40002 297480
3.40002 298016
3.40002 298552
3.40002 299088
3.40002 299624
3.40002 300160
3.40002 300696
3.40002 301232
3.40002 301768
3.40002 302304
3.40002 302840
3.40002 303376
3.40002 303912
3.40003 304448
3.6 304984
3.6 305520
3.6 306056
3.6 306592
3.6 307128
3.6 307664
3.6 308200
3.6 308736
3.6 309272
3.6 309808
3.6 310344
3.6 310880
3.6 311416
3.6 311952
3.6 312488
3.60001 313024
3.60001 313560
3.60001 314096
3.60001 314632
3.60001 315168
3.60001 315704
3.60001 316240
3.60001 316776
3.60001 317312
3.60001 317848
3.60001 318384
3.60001 318920
3.60001 319456
3.60001 319992
3.60001 320528
3.60001 321064
3.60001 321600
3.60001 322136
3.60001 322672
3.60001 323208
3.60001 323744
3.60001 324280
3.60001 324816
3.60001 325352
3.60001 325888
3.60001 326424
3.60001 326960
3.60001 327496
3.60001 328032
3.60001 328568
3.60001 329104
3.60001 329640
3.60001 330176
3.60001 330712
3.60001 331248
3.60001 331784
3.60001 332320
3.60001 332856
3.60001 333392
3.60001 333928
3.60001 334464
3.60001 335000
3.60001 335536
3.60001 336072
3.60001 336608
3.60001 337144
3.60001 337680
3.60001 338216
3.60001 338752
3.60001 339288
3.60001 339824
3.60001 340360
3.60001 340896
3.60001 341432
3.60001 341968
3.60002 342504
3.60002 343040
3.60002 343576
3.60002 344112
3.60002 344648
3.60002 345184
3.60002 345720
3.60002 346256
3.60002 346792
3.60002 347328
3.60002 347864
3.60002 348400
3.60002 348936
3.60002 349472
3.60002 350008
3.60002 350544
3.60002 351080
3.60002 351616
3.60002 352152
3.60002 352688
3.60002 353224
3.60002 353760
3.60002 354296
3.60002 354832
3.60002 355368
3.60002 355904
3.60002 356440
3.60002 356976
3.60002 357512
3.60002 358048
3.60002 358584
3.60002 359120
3.60002 359656
3.60002 360192
3.60002 360728
3.60002 361264
3.60002 361800
3.60002 362336
3.60002 362872
3.60002 363408
3.60002 363944
3.60002 364480
3.60002 365016
3.60002 365552
3.60002 366088
3.60002 366624
3.60002 367160
3.60002 367696
3.60002 368232
3.60002 368768
3.60002 369304
3.60002 369840
3.60002 370376
3.60002 370912
3.60002 371448
3.60002 371984
3.60003 372520
3.60003 373056
3.8 373592
3.8 374128
3.8 374664
3.8 375200
3.8 375736
3.8 376272
3.8 376808
3.8 377344
3.8 377880
3.8 378416
3.8 378952
3.8 379488
3.8 380024
3.8 380560
3.80001 381096
3.80001 381632
3.80001 382168
3.80001 382704
3.80001 383240
3.80001 383776
3.80001 384312
3.80001 384848
3.80001 385384
3.80001 385920
3.80001 386456
3.80001 386992
3.80001 387528
3.80001 388064
3.80001 388600
3.80001 389136
3.80001 389672
3.80001 390208
3.80001 390744
3.80001 391280
3.80001 391816
3.80001 392352
3.80001 392888
3.80001 393424
3.80001 393960
3.80001 394496
3.80001 395032
3.80001 395568
3.80001 396104
3.80001 396640
3.80001 397176
3.80001 397712
3.80001 398248
3.80001 398784
3.80001 399320
3.80001 399856
3.80001 400392
3.80001 400928
3.80001 401464
3.80001 402000
3.80001 402536
3.80001 403072
3.80001 403608
3.80001 404144
3.80001 404680
3.80001 405216
3.80001 405752
3.80001 406288
3.80001 406824
3.80001 407360
3.80001 407896
3.80001 408432
3.80001 408968
3.80001 409504
3.80001 410040
3.80002 410576
3.80002 411112
3.80002 411648
3.80002 412184
3.80002 412720
3.80002 413256
3.80002 413792
3.80002 414328
3.80002 414864
3.80002 415400
3.80002 415936
3.80002 416472
3.80002 417008
3.80002 417544
3.80002 418080
3.80002 418616
3.80002 419152
3.80002 419688
3.80002 420224
3.80002 420760
3.80002 421296
3.80002 421832
3.80002 422368
3.80002 422904
3.80002 423440
3.80002 423976
3.80002 424512
3.80002 425048
3.80002 425584
3.80002 426120
3.80002 426656
3.80002 427192
3.80002 427728
3.80002 428264
3.80002 428800
3.80002 429336
3.80002 429872
3.80002 430408
3.80002 430944
3.80002 431480
3.80002 432016
3.80002 432552
3.80002 433088
3.80002 433624
3.80002 434160
3.80002 434696
3.80002 435232
3.80002 435768
3.80002 436304
3.80002 436840
3.80002 437376
3.80002 437912
3.80002 438448
3.80002 438984
3.80002 439520
3.80002 440056
3.80003 440592
3.80003 441128
3.80003 441664
4 442200
4 442736
4 443272
4 443808
4 444344
4 444880
4 445416
4 445952
4 446488
4 447024
4 447560
4 448096
4 448632
4.00001 449168
4.00001 449704
4.00001 450240
4.00001 450776
4.00001 451312
4.00001 451848
4.00001 452384
4.00001 452920
4.00001 453456
4.00001 453992
4.00001 454528
4.00001 455064
4.00001 455600
4.00001 456136
4.00001 456672
4.00001 457208
4.00001 457744
4.00001 458280
4.00001 458816
4.00001 459352
4.00001 459888
4.00001 460424
4.00001 460960
4.00001 461496
4.00001 462032
4.00001 462568
4.00001 463104
4.00001 463640
4.00001 464176
4.00001 464712
4.00001 465248
4.00001 465784
4.00001 466320
4.00001 466856
4.00001 467392
4.00001 467928
4.00001 468464
4.00001 469000
4.00001 469536
4.00001 470072
4.00001 470608
4.00001 471144
4.00001 471680
4.00001 472216
4.00001 472752
4.00001 473288
4.00001 473824
4.00001 474360
4.00001 474896
4.00001 475432
4.00001 475968
4.00001 476504
4.00001 477040
4.00001 477576
4.00001 478112
4.00002 478648
4.00002 479184
4.00002 479720
4.00002 480256
4.00002 480792
4.00002 481328
4.00002 481864
4.00002 482400
4.00002 482936
4.00002 483472
4.00002 484008
4.00002 484544
4.00002 485080
4.00002 485616
4.00002 486152
4.00002 486688
4.00002 487224
4.00002 487760
4.00002 488296
4.00002 488832
4.00002 489368
4.00002 489904
4.00002 490440
4.00002 490976
4.00002 491512
4.00002 492048
4.00002 492584
4.00002 493120
4.00002 493656
4.00002 494192
4.00002 494728
4.00002 495264
4.00002 495800
4.00002 496336
4.00002 496872
4.00002 497408
4.00002 497944
4.00002 498480
4.00002 499016
4.00002 499552
4.00002 500088
4.00002 500624
4.00002 501160
4.00002 501696
4.00002 502232
4.00002 502768
4.00002 503304
4.00002 503840
4.00002 504376
4.00002 504912
4.00002 505448
4.00002 505984
4.00002 506520
4.00002 507056
4.00002 507592
4.00002 508128
4.00003 508664
4.00003 509200
4.00003 509736
4.00003 510272
4.2 510808
4.2 511344
4.2 511880
4.2 512416
4.2 512952
4.2 513488
4.2 514024
4.2 514560
4.2 515096
4.2 515632
4.2 516168
4.2 516704
4.20001 517240
4.20001 517776
4.20001 518312
4.20001 518848
4.20001 519384
4.20001 519920
4.20001 520456
4.20001 520992
4.20001 521528
4.20001 522064
4.20001 522600
4.20001 523136
4.20001 523672
4.20001 524208
4.20001 524744
4.20001 525280
4.20001 525816
4.20001 526352
4.20001 526888
4.20001 527424
4.20001 527960
4.20001 528496
4.20001 529032
4.20001 529568
4.20001 530104
4.20001 530640
4.20001 531176
4.20001 531712
4.20001 532248
4.20001 532784
4.20001 533320
4.20001 533856
4.20001 534392
4.20001 534928
4.20001 535464
4.20001 536000
4.20001 536536
4.20001 537072
4.20001 537608
4.20001 538144
4.20001 538680
4.20001 539216
4.20001 539752
4.20001 540288
4.20001 540824
4.20001 541360
4.20001 541896
4.20001 542432
4.20001 542968
4.20001 543504
4.20001 544040
4.20001 544576
4.20001 545112
4.20001 545648
4.20001 546184
4.20002 546720
4.20002 547256
4.20002 547792
4.20002 548328
4.20002 548864
4.20002 549400
4.20002 549936
4.20002 550472
4.20002 551008
4.20002 551544
4.20002 552080
4.20002 552616
4.20002 553152
4.20002 553688
4.20002 554224
4.20002 554760
4.20002 555296
4.20002 555832
4.20002 556368
4.20002 556904
4.20002 557440
4.20002 557976
4.20002 558512
4.20002 559048
4.20002 559584
4.20002 560120
4.20002 560656
4.20002 561192
4.20002 561728
4.20002 562264
4.20002 562800
4.20002 563336
4.20002 563872
4.20002 564408
4.20002 564944
4.20002 565480
4.20002 566016
4.20002 566552
4.20002 567088
4.20002 567624
4.20002 568160
4.20002 568696
4.20002 569232
4.20002 569768
4.20002 570304
4.20002 570840
4.20002 571376
4.20002 571912
4.20002 572448
4.20002 572984
4.20002 573520
4.20002 574056
4.20002 574592
4.20002 575128
4.20002 575664
4.20002 576200
4.20003 576736
4.20003 577272
4.20003 577808
4.20003 578344
4.20003 578880
4.4 579416
4.4 579952
4.4 580488
4.4 581024
4.4 581560
4.4 582096
4.4 582632
4.4 583168
4.4 583704
4.4 584240
4.4 584776
4.40001 585312
4.40001 585848
4.40001 586384
4.40001 586920
4.40001 587456
4.40001 587992
4.40001 588528
4.40001 589064
4.40001 589600
4.40001 590136
4.40001 590672
4.40001 591208
4.40001 591744
4.40001 592280
4.40001 592816
4.40001 593352
4.40001 593888
4.40001 594424
4.40001 594960
4.40001 595496
4.40001 596032
4.40001 596568
4.40001 597104
4.40001 597640
4.40001 598176
4.40001 598712
4.40001 599248
4.40001 599784
4.40001 600320
4.40001 600856
4.40001 601392
4.40001 601928
4.40001 602464
4.40001 603000
4.40001 603536
4.40001 604072
4.40001 604608
4.40001 605144
4.40001 605680
4.40001 606216
4.40001 606752
4.40001 607288
4.40001 607824
4.40001 608360
4.40001 608896
4.40001 609432
4.40001 609968
4.40001 610504
4.40001 611040
4.40001 611576
4.40001 612112
4.40001 612648
4.40001 613184
4.40001 613720
4.40001 614256
4.40002 614792
4.40002 615328
4.40002 615864
4.40002 616400
4.40002 616936
4.40002 617472
4.40002 618008
4.40002 618544
4.40002 619080
4.40002 619616
4.40002 620152
4.40002 620688
4.40002 621224
4.40002 621760
4.40002 622296
4.40002 622832
4.40002 623368
4.40002 623904
4.40002 624440
4.40002 624976
4.40002 625512
4.40002 626048
4.40002 626584
4.40002 627120
4.40002 627656
4.40002 628192
4.40002 628728
4.40002 629264
4.40002 629800
4.40002 630336
4.40002 630872
4.40002 631408
4.40002 631944
4.40002 632480
4.40002 633016
4.40002 633552
4.40002 634088
4.40002 634624
4.40002 635160
4.40002 635696
4.40002 636232
4.40002 636768
4.40002 637304
4.40002 637840
4.40002 638376
4.40002 638912
4.40002 639448
4.40002 639984
4.40002 640520
4.40002 641056
4.40002 641592
4.40002 642128
4.40002 642664
4.40002 643200
4.40002 643736
4.40002 644272
4.40003 644808
4.40003 645344
4.40003 645880
4.40003 646416
4.40003 646952
4.40003 647488
4.6 648024
4.6 648560
4.6 649096
4.6 649632
4.6 650168
4.6 650704
4.6 651240
4.6 651776
4.6 652312
4.60001 652848
4.60001 653384
4.60001 653920
4.60001 654456
4.60001 654992
4.60001 655528
4.60001 656064
4.60001 656600
4.60001 657136
4.60001 657672
4.60001 658208
4.60001 658744
4.60001 659280
4.60001 659816
4.60001 660352
4.60001 660888
4.60001 661424
4.60001 661960
4.60001 662496
4.60001 663032
4.60001 663568
4.60001 664104
4.60001 664640
4.60001 665176
4.60001 665712
4.60001 666248
4.60001 666784
4.60001 667320
4.60001 667856
4.60001 668392
4.60001 668928
4.60001 669464
4.60001 670000
4.60001 670536
4.60001 671072
4.60001 671608
4.60001 672144
4.60001 672680
4.60001 673216
4.60001 673752
4.60001 674288
4.60001 674824
4.60001 675360
4.60001 675896
4.60001 676432
4.60001 676968
4.60001 677504
4.60001 678040
4.60001 678576
4.60001 679112
4.60001 679648
4.60001 680184
4.60001 680720
4.60001 681256
4.60001 681792
4.60001 682328
4.60002 682864
4.60002 683400
4.60002 683936
4.60002 684472
4.60002 685008
4.60002 685544
4.60002 686080
4.60002 686616
4.60002 687152
4.60002 687688
4.60002 688224
4.60002 688760
4.60002 689296
4.60002 689832
4.60002 690368
4.60002 690904
4.60002 691440
4.60002 691976
4.60002 692512
4.60002 693048
4.60002 693584
4.60002 694120
4.60002 694656
4.60002 695192
4.60002 695728
4.60002 696264
4.60002 696800
4.60002 697336
4.60002 697872
4.60002 698408
4.60002 698944
4.60002 699480
4.60002 700016
4.60002 700552
4.60002 701088
4.60002 701624
4.60002 702160
4.60002 702696
4.60002 703232
4.60002 703768
4.60002 704304
4.60002 704840
4.60002 705376
4.60002 705912
4.60002 706448
4.60002 706984
4.60002 707520
4.60002 708056
4.60002 708592
4.60002 709128
4.60002 709664
4.60002 710200
4.60002 710736
4.60002 711272
4.60002 711808
4.60002 712344
4.60003 712880
4.60003 713416
4.60003 713952
4.60003 714488
4.60003 715024
4.60003 715560
4.60003 716096
4.8 716632
4.8 717168
4.8 717704
4.8 718240
4.8 718776
4.8 719312
4.8 719848
4.8 720384
4.80001 720920
4.80001 721456
4.80001 721992
4.80001 722528
4.80001 723064
4.80001 723600
4.80001 724136
4.80001 724672
4.80001 725208
4.80001 725744
4.80001 726280
4.80001 726816
4.80001 727352
4.80001 727888
4.80001 728424
4.80001 728960
4.80001 729496
4.80001 730032
4.80001 730568
4.80001 731104
4.80001 731640
4.80001 732176
4.80001 732712
4.80001 733248
4.80001 733784
4.80001 734320
4.80001 734856
4.80001 735392
4.80001 735928
4.80001 736464
4.80001 737000
4.80001 737536
4.80001 738072
4.80001 738608
4.80001 739144
4.80001 739680
4.80001 740216
4.80001 740752
4.80001 741288
4.80001 741824
4.80001 742360
4.80001 742896
4.80001 743432
4.80001 743968
4.80001 744504
4.80001 745040
4.80001 745576
4.80001 746112
4.80001 746648
4.80001 747184
4.80001 747720
4.80001 748256
4.80001 748792
4.80001 749328
4.80001 749864
4.80001 750400
4.80002 750936
4.80002 751472
4.80002 752008
4.80002 752544
4.80002 753080
4.80002 753616
4.80002 754152
4.80002 754688
4.80002 755224
4.80002 755760
4.80002 756296
4.80002 756832
4.80002 757368
4.80002 757904
4.80002 758440
4.80002 758976
4.80002 759512
4.80002 760048
4.80002 760584
4.80002 761120
4.80002 761656
4.80002 762192
4.80002 762728
4.80002 763264
4.80002 763800
4.80002 764336
4.80002 764872
4.80002 765408
4.80002 765944
4.80002 766480
4.80002 767016
4.80002 767552
4.80002 768088
4.80002 768624
4.80002 769160
4.80002 769696
4.80002 770232
4.80002 770768
4.80002 771304
4.80002 771840
4.80002 772376
4.80002 772912
4.80002 773448
4.80002 773984
4.80002 774520
4.80002 775056
4.80002 775592
4.80002 776128
4.80002 776664
4.80002 777200
4.80002 777736
4.80002 778272
4.80002 778808
4.80002 779344
4.80002 779880
4.80002 780416
4.80003 780952
4.80003 781488
4.80003 782024
4.80003 782560
4.80003 783096
4.80003 783632
4.80003 784168
4.80003 784704
5 785240
5 785776
5 786312
5 786848
5 787384
5 787920
5 788456
5.00001 788992
5.00001 789528
5.00001 790064
5.00001 790600
5.00001 791136
5.00001 791672
5.00001 792208
5.00001 792744
5.00001 793280
5.00001 793816
5.00001 794352
5.00001 794888
5.00001 795424
5.00001 795960
5.00001 796496
5.00001 797032
5.00001 797568
5.00001 798104
5.00001 798640
5.00001 799176
5.00001 799712
5.00001 800248
5.00001 800784
5.00001 801320
5.00001 801856
5.00001 802392
5.00001 802928
5.00001 803464
5.00001 804000
5.00001 804536
5.00001 805072
5.00001 805608
5.00001 806144
5.00001 806680
5.00001 807216
5.00001 807752
5.00001 808288
5.00001 808824
5.00001 809360
5.00001 809896
5.00001 810432
5.00001 810968
5.00001 811504
5.00001 812040
5.00001 812576
5.00001 813112
5.00001 813648
5.00001 814184
5.00001 814720
5.00001 815256
5.00001 815792
5.00001 816328
5.00001 816864
5.00001 817400
5.00001 817936
5.00001 818472
5.00002 819008
5.00002 819544
5.00002 820080
5.00002 820616
5.00002 821152
5.00002 821688
5.00002 822224
5.00002 822760
5.00002 823296
5.00002 823832
5.00002 824368
5.00002 824904
5.00002 825440
5.00002 825976
5.00002 826512
5.00002 827048
5.00002 827584
5.00002 828120
5.00002 828656
5.00002 829192
5.00002 829728
5.00002 830264
5.00002 830800
5.00002 831336
5.00002 831872
5.00002 832408
5.00002 832944
5.00002 833480
5.00002 834016
5.00002 834552
5.00002 835088
5.00002 835624
5.00002 836160
5.00002 836696
5.00002 837232
5.00002 837768
5.00002 838304
5.00002 838840
5.00002 839376
5.00002 839912
5.00002 840448
5.00002 840984
5.00002 841520
5.00002 842056
5.00002 842592
5.00002 843128
5.00002 843664
5.00002 844200
5.00002 844736
5.00002 845272
5.00002 845808
5.00002 846344
5.00002 846880
5.00002 847416
5.00002 847952
5.00003 848488
5.00003 849024
5.00003 849560
5.00003 850096
5.00003 850632
5.00003 851168
5.00003 851704
5.00003 852240
5.00003 852776
5.00003 853312
5.2 853848
5.2 854384
5.2 854920
5.2 855456
5.2 855992
5.2 856528
5.20001 857064
5.20001 857600
5.20001 858136
5.20001 858672
5.20001 859208
5.20001 859744
5.20001 860280
5.20001 860816
5.20001 861352
5.20001 861888
5.20001 862424
5.20001 862960
5.20001 863496
5.20001 864032
5.20001 864568
5.20001 865104
5.20001 865640
5.20001 866176
5.20001 866712
5.20001 867248
5.20001 867784
5.20001 868320
5.20001 868856
5.20001 869392
5.20001 869928
5.20001 870464
5.20001 871000
5.20001 871536
5.20001 872072
5.20001 872608
5.20001 873144
5.20001 873680
5.20001 874216
5.20001 874752
5.20001 875288
5.20001 875824
5.20001 876360
5.20001 876896
5.20001 877432
5.20001 877968
5.20001 878504
5.20001 879040
5.20001 879576
5.20001 880112
5.20001 880648
5.20001 881184
5.20001 881720
5.20001 882256
5.20001 882792
5.20001 883328
5.20001 883864
5.20001 884400
5.20001 884936
5.20001 885472
5.20001 886008
5.20001 886544
5.20002 887080
5.20002 887616
5.20002 888152
5.20002 888688
5.20002 889224
5.20002 889760
5.20002 890296
5.20002 890832
5.20002 891368
5.20002 891904
5.20002 892440
5.20002 892976
5.20002 893512
5.20002 894048
5.20002 894584
5.20002 895120
5.20002 895656
5.20002 896192
5.20002 896728
5.20002 897264
5.20002 897800
5.20002 898336
5.20002 898872
5.20002 899408
5.20002 899944
5.20002 900480
5.20002 901016
5.20002 901552
5.20002 902088
5.20002 902624
5.20002 903160
5.20002 903696
5.20002 904232
5.20002 904768
5.20002 905304
5.20002 905840
5.20002 906376
5.20002 906912
5.20002 907448
5.20002 907984
5.20002 908520
5.20002 909056
5.20002 909592
5.20002 910128
5.20002 910664
5.20002 911200
5.20002 911736
5.20002 912272
5.20002 912808
5.20002 913344
5.20002 913880
5.20002 914416
5.20002 914952
5.20002 915488
5.20002 916024
5.20003 916560
5.20003 917096
5.20003 917632
5.20003 918168
5.20003 918704
5.20003 919240
5.20003 919776
5.20003 920312
5.20003 920848
5.20003 921384
5.20003 921920
5.4 922456
5.4 922992
5.4 923528
5.4 924064
5.4 924600
5.40001 925136
5.40001 925672
5.40001 926208
5.40001 926744
5.40001 927280
5.40001 927816
5.40001 928352
5.40001 928888
5.40001 929424
5.40001 929960
5.40001 930496
5.40001 931032
5.40001 931568
5.40001 932104
5.40001 932640
5.40001 933176
5.40001 933712
5.40001 934248
5.40001 934784
5.40001 935320
5.40001 935856
5.40001 936392
5.40001 936928
5.40001 937464
5.40001 938000
5.40001 938536
5.40001 939072
5.40001 939608
5.40001 940144
5.40001 940680
5.40001 941216
5.40001 941752
5.40001 942288
5.40001 942824
5.40001 943360
5.40001 943896
5.40001 944432
5.40001 944968
5.40001 945504
5.40001 946040
5.40001 946576
5.40001 947112
5.40001 947648
5.40001 948184
5.40001 948720
5.40001 949256
5.40001 949792
5.40001 950328
5.40001 950864
5.40001 951400
5.40001 951936
5.40001 952472
5.40001 953008
5.40001 953544
5.40001 954080
5.40001 954616
5.40002 955152
5.40002 955688
5.40002 956224
5.40002 956760
5.40002 957296
5.40002 957832
5.40002 958368
5.40002 958904
5.40002 959440
5.40002 959976
5.40002 960512
5.40002 961048
5.40002 961584
5.40002 962120
5.40002 962656
5.40002 963192
5.40002 963728
5.40002 964264
5.40002 964800
5.40002 965336
5.40002 965872
5.40002 966408
5.40002 966944
5.40002 967480
5.40002 968016
5.40002 968552
5.40002 969088
5.40002 969624
5.40002 970160
5.40002 970696
5.40002 971232
5.40002 971768
5.40002 972304
5.40002 972840
5.40002 973376
5.40002 973912
5.40002 974448
5.40002 974984
5.40002 975520
5.40002 976056
5.40002 976592
5.40002 977128
5.40002 977664
5.40002 978200
5.40002 978736
5.40002 979272
5.40002 979808
5.40002 980344
5.40002 980880
5.40002 981416
5.40002 981952
5.40002 982488
5.40002 983024
5.40002 983560
5.40002 984096
5.40003 984632
5.40003 985168
5.40003 985704
5.40003 986240
5.40003 986776
5.40003 987312
5.40003 987848
5.40003 988384
5.40003 988920
5.40003 989456
5.40003 989992
5.40003 990528
5.6 991064
5.6 991600
5.6 992136
5.6 992672
5.60001 993208
5.60001 993744
5.60001 994280
5.60001 994816
5.60001 995352
5.60001 995888
5.60001 996424
5.60001 996960
5.60001 997496
5.60001 998032
5.60001 998568
5.60001 999104
5.60001 999640
5.60001 1000176
5.60001 1000712
5.60001 1001248
5.60001 1001784
5.60001 1002320
5.60001 1002856
5.60001 1003392
5.60001 1003928
5.60001 1004464
5.60001 1005000
5.60001 1005536
5.60001 1006072
5.60001 1006608
5.60001 1007144
5.60001 1007680
5.60001 1008216
5.60001 1008752
5.60001 1009288
5.60001 1009824
5.60001 1010360
5.60001 1010896
5.60001 1011432
5.60001 1011968
5.60001 1012504
5.60001 1013040
5.60001 1013576
5.60001 1014112
5.60001 1014648
5.60001 1015184
5.60001 1015720
5.60001 1016256
5.60001 1016792
5.60001 1017328
5.60001 1017864
5.60001 1018400
5.60001 1018936
5.60001 1019472
5.60001 1020008
5.60001 1020544
5.60001 1021080
5.60001 1021616
5.60001 1022152
5.60001 1022688
5.60002 1023224
5.60002 1023760
5.60002 1024296
5.60002 1024832
5.60002 1025368
5.60002 1025904
5.60002 1026440
5.60002 1026976
5.60002 1027512
5.60002 1028048
5.60002 1028584
5.60002 1029120
5.60002 1029656
5.60002 1030192
5.60002 1030728
5.60002 1031264
5.60002 1031800
5.60002 1032336
5.60002 1032872
5.60002 1033408
5.60002 1033944
5.60002 1034480
5.60002 1035016
5.60002 1035552
5.60002 1036088
5.60002 1036624
5.60002 1037160
5.60002 1037696
5.60002 1038232
5.60002 1038768
5.60002 1039304
5.60002 1039840
5.60002 1040376
5.60002 1040912
5.60002 1041448
5.60002 1041984
5.60002 1042520
5.60002 1043056
5.60002 1043592
5.60002 1044128
5.60002 1044664
5.60002 1045200
5.60002 1045736
5.60002 1046272
5.60002 1046808
5.60002 1047344
5.60002 1047880
5.60002 1048416
5.60002 1048952
5.60002 1049488
5.60002 1050024
5.60002 1050560
5.60002 1051096
5.60002 1051632
5.60002 1052168
5.60003 1052704
5.60003 1053240
5.60003 1053776
5.60003 1054312
5.60003 1054848
5.60003 1055384
5.60003 1055920
5.60003 1056456
5.60003 1056992
5.60003 1057528
5.60003 1058064
5.60003 1058600
5.60003 1059136
5.8 1059672
5.8 1060208
5.8 1060744
5.80001 1061280
5.80001 1061816
5.80001 1062352
5.80001 1062888
5.80001 1063424
5.80001 1063960
5.80001 1064496
5.80001 1065032
5.80001 1065568
5.80001 1066104
5.80001 1066640
5.80001 1067176
5.80001 1067712
5.80001 1068248
5.80001 1068784
5.80001 1069320
5.80001 1069856
5.80001 1070392
5.80001 1070928
5.80001 1071464
5.80001 1072000
5.80001 1072536
5.80001 1073072
5.80001 1073608
5.80001 1074144
5.80001 1074680
5.80001 1075216
5.80001 1075752
5.80001 1076288
5.80001 1076824
5.80001 1077360
5.80001 1077896
5.80001 1078432
5.80001 1078968
5.80001 1079504
5.80001 1080040
5.80001 1080576
5.80001 1081112
5.80001 1081648
5.80001 1082184
5.80001 1082720
5.80001 1083256
5.80001 1083792
5.80001 1084328
5.80001 1084864
5.80001 1085400
5.80001 1085936
5.80001 1086472
5.80001 1087008
5.80001 1087544
5.80001 1088080
5.80001 1088616
5.80001 1089152
5.80001 1089688
5.80001 1090224
5.80001 1090760
5.80002 1091296
5.80002 1091832
5.80002 1092368
5.80002 1092904
5.80002 1093440
5.80002 1093976
5.80002 1094512
5.80002 1095048
5.80002 1095584
5.80002 1096120
5.80002 1096656
5.80002 1097192
5.80002 1097728
5.80002 1098264
5.80002 1098800
5.80002 1099336
5.80002 1099872
5.80002 1100408
5.80002 1100944
5.80002 1101480
5.80002 1102016
5.80002 1102552
5.80002 1103088
5.80002 1103624
5.80002 1104160
5.80002 1104696
5.80002 1105232
5.80002 1105768
5.80002 1106304
5.80002 1106840
5.80002 1107376
5.80002 1107912
5.80002 1108448
5.80002 1108984
5.80002 1109520
5.80002 1110056
5.80002 1110592
5.80002 1111128
5.80002 1111664
5.80002 1112200
5.80002 1112736
5.80002 1113272
5.80002 1113808
5.80002 1114344
5.80002 1114880
5.80002 1115416
5.80002 1115952
5.80002 1116488
5.80002 1117024
5.80002 1117560
5.80002 1118096
5.80002 1118632
5.80002 1119168
5.80002 1119704
5.80002 1120240
5.80003 1120776
5.80003 1121312
5.80003 1121848
5.80003 1122384
5.80003 1122920
5.80003 1123456
5.80003 1123992
5.80003 1124528
5.80003 1125064
5.80003 1125600
5.80003 1126136
5.80003 1126672
5.80003 1127208
5.80003 1127744
6 1128280
6 1128816
6.00001 1129352
6.00001 1129888
6.00001 1130424
6.00001 1130960
6.00001 1131496
6.00001 1132032
6.00001 1132568
6.00001 1133104
6.00001 1133640
6.00001 1134176
6.00001 1134712
6.00001 1135248
6.00001 1135784
6.00001 1136320
6.00001 1136856
6.00001 1137392
6.00001 1137928
6.00001 1138464
6.00001 1139000
6.00001 1139536
6.00001 1140072
6.00001 1140608
6.00001 1141144
6.00001 1141680
6.00001 1142216
6.00001 1142752
6.00001 1143288
6.00001 1143824
6.00001 1144360
6.00001 1144896
6.00001 1145432
6.00001 1145968
6.00001 1146504
6.00001 1147040
6.00001 1147576
6.00001 1148112
6.00001 1148648
6.00001 1149184
6.00001 1149720
6.00001 1150256
6.00001 1150792
6.00001 1151328
6.00001 1151864
6.00001 1152400
6.00001 1152936
6.00001 1153472
6.00001 1154008
6.00001 1154544
6.00001 1155080
6.00001 1155616
6.00001 1156152
6.00001 1156688
6.00001 1157224
6.00001 1157760
6.00001 1158296
6.00001 1158832
6.00002 1159368
6.00002 1159904
6.00002 1160440
6.00002 1160976
6.00002 1161512
6.00002 1162048
6.00002 1162584
6.00002 1163120
6.00002 1163656
6.00002 1164192
6.00002 1164728
6.00002 1165264
6.00002 1165800
6.00002 1166336
6.00002 1166872
6.00002 1167408
6.00002 1167944
6.00002 1168480
6.00002 1169016
6.00002 1169552
6.00002 1170088
6.00002 1170624
6.00002 1171160
6.00002 1171696
6.00002 1172232
6.00002 1172768
6.00002 1173304
6.00002 1173840
6.00002 1174376
6.00002 1174912
6.00002 1175448
6.00002 1175984
6.00002 1176520
6.00002 1177056
6.00002 1177592
6.00002 1178128
6.00002 1178664
6.00002 1179200
6.00002 1179736
6.00002 1180272
6.00002 1180808
6.00002 1181344
6.00002 1181880
6.00002 1182416
6.00002 1182952
6.00002 1183488
6.00002 1184024
6.00002 1184560
6.00002 1185096
6.00002 1185632
6.00002 1186168
6.00002 1186704
6.00002 1187240
6.00002 1187776
6.00002 1188312
6.00003 1188848
6.00003 1189384
6.00003 1189920
6.00003 1190456
6.00003 1190992
6.00003 1191528
6.00003 1192064
6.00003 1192600
6.00003 1193136
6.00003 1193672
6.00003 1194208
6.00003 1194744
6.00003 1195280
6.00003 1195816
6.00003 1196352
6.2 1196888
6.20001 1197424
6.20001 1197960
6.20001 1198496
6.20001 1199032
6.20001 1199568
6.20001 1200104
6.20001 1200640
6.20001 1201176
6.20001 1201712
6.20001 1202248
6.20001 1202784
6.20001 1203320
6.20001 1203856
6.20001 1204392
6.20001 1204928
6.20001 1205464
6.20001 1206000
6.20001 1206536
6.20001 1207072
6.20001 1207608
6.20001 1208144
6.20001 1208680
6.20001 1209216
6.20001 1209752
6.20001 1210288
6.20001 1210824
6.20001 1211360
6.20001 1211896
6.20001 1212432
6.20001 1212968
6.20001 1213504
6.20001 1214040
6.20001 1214576
6.20001 1215112
6.20001 1215648
6.20001 1216184
6.20001 1216720
6.20001 1217256
6.20001 1217792
6.20001 1218328
6.20001 1218864
6.20001 1219400
6.20001 1219936
6.20001 1220472
6.20001 1221008
6.20001 1221544
6.20001 1222080
6.20001 1222616
6.20001 1223152
6.20001 1223688
6.20001 1224224
6.20001 1224760
6.20001 1225296
6.20001 1225832
6.20001 1226368
6.20001 1226904
6.20002 1227440
6.20002 1227976
6.20002 1228512
6.20002 1229048
6.20002 1229584
6.20002 1230120
6.20002 1230656
6.20002 1231192
6.20002 1231728
6.20002 1232264
6.20002 1232800
6.20002 1233336
6.20002 1233872
6.20002 1234408
6.20002 1234944
6.20002 1235480
6.20002 1236016
6.20002 1236552
6.20002 1237088
6.20002 1237624
6.20002 1238160
6.20002 1238696
6.20002 1239232
6.20002 1239768
6.20002 1240304
6.20002 1240840
6.20002 1241376
6.20002 1241912
6.20002 1242448
6.20002 1242984
6.20002 1243520
6.20002 1244056
6.20002 1244592
6.20002 1245128
6.20002 1245664
6.20002 1246200
6.20002 1246736
6.20002 1247272
6.20002 1247808
6.20002 1248344
6.20002 1248880
6.20002 1249416
6.20002 1249952
6.20002 1250488
6.20002 1251024
6.20002 1251560
6.20002 1252096
6.20002 1252632
6.20002 1253168
6.20002 1253704
6.20002 1254240
6.20002 1254776
6.20002 1255312
6.20002 1255848
6.20002 1256384
6.20003 1256920
6.20003 1257456
6.20003 1257992
6.20003 1258528
6.20003 1259064
6.20003 1259600
6.20003 1260136
6.20003 1260672
6.20003 1261208
6.20003 1261744
6.20003 1262280
6.20003 1262816
6.20003 1263352
6.20003 1263888
6.20003 1264424
6.20003 1264960
6.40001 1265496
6.40001 1266032
6.40001 1266568
6.40001 1267104
6.40001 1267640
6.40001 1268176
6.40001 1268712
6.40001 1269248
6.40001 1269784
6.40001 1270320
6.40001 1270856
6.40001 1271392
6.40001 1271928
6.40001 1272464
6.40001 1273000
6.40001 1273536
6.40001 1274072
6.40001 1274608
6.40001 1275144
6.40001 1275680
6.40001 1276216
6.40001 1276752
6.40001 1277288
6.40001 1277824
6.40001 1278360
6.40001 1278896
6.40001 1279432
6.40001 1279968
6.40001 1280504
6.40001 1281040
6.40001 1281576
6.40001 1282112
6.40001 1282648
6.40001 1283184
6.40001 1283720
6.40001 1284256
6.40001 1284792
6.40001 1285328
6.40001 1285864
6.40001 1286400
6.40001 1286936
6.40001 1287472
6.40001 1288008
6.40001 1288544
6.40001 1289080
6.40001 1289616
6.40001 1290152
6.40001 1290688
6.40001 1291224
6.40001 1291760
6.40001 1292296
6.40001 1292832
6.40001 1293368
6.40001 1293904
6.40001 1294440
6.40001 1294976
6.40002 1295512
6.40002 1296048
6.40002 1296584
6.40002 1297120
6.40002 1297656
6.40002 1298192
6.40002 1298728
6.40002 1299264
6.40002 1299800
6.40002 1300336
6.40002 1300872
6.40002 1301408
6.40002 1301944
6.40002 1302480
6.40002 1303016
6.40002 1303552
6.40002 1304088
6.40002 1304624
6.40002 1305160
6.40002 1305696
6.40002 1306232
6.40002 1306768
6.40002 1307304
6.40002 1307840
6.40002 1308376
6.40002 1308912
6.40002 1309448
6.40002 1309984
6.40002 1310520
6.40002 1311056
6.40002 1311592
6.40002 1312128
6.40002 1312664
6.40002 1313200
6.40002 1313736
6.40002 1314272
6.40002 1314808
6.40002 1315344
6.40002 1315880
6.40002 1316416
6.40002 1316952
6.40002 1317488
6.40002 1318024
6.40002 1318560
6.40002 1319096
6.40002 1319632
6.40002 1320168
6.40002 1320704
6.40002 1321240
6.40002 1321776
6.40002 1322312
6.40002 1322848
6.40002 1323384
6.40002 1323920
6.40002 1324456
6.40003 1324992
6.40003 1325528
6.40003 1326064
6.40003 1326600
6.40003 1327136
6.40003 1327672
6.40003 1328208
6.40003 1328744
6.40003 1329280
6.40003 1329816
6.40003 1330352
6.40003 1330888
6.40003 1331424
6.40003 1331960
6.40003 1332496
6.40003 1333032
6.40003 1333568
6.60001 1334104
6.60001 1334640
6.60001 1335176
6.60001 1335712
6.60001 1336248
6.60001 1336784
6.60001 1337320
6.60001 1337856
6.60001 1338392
6.60001 1338928
6.60001 1339464
6.60001 1340000
6.60001 1340536
6.60001 1341072
6.60001 1341608
6.60001 1342144
6.60001 1342680
6.60001 1343216
6.60001 1343752
6.60001 1344288
6.60001 1344824
6.60001 1345360
6.60001 1345896
6.60001 1346432
6.60001 1346968
6.60001 1347504
6.60001 1348040
6.60001 1348576
6.60001 1349112
6.60001 1349648
6.60001 1350184
6.60001 1350720
6.60001 1351256
6.60001 1351792
6.60001 1352328
6.60001 1352864
6.60001 1353400
6.60001 1353936
6.60001 1354472
6.60001 1355008
6.60001 1355544
6.60001 1356080
6.60001 1356616
6.60001 1357152
6.60001 1357688
6.60001 1358224
6.60001 1358760
6.60001 1359296
6.60001 1359832
6.60001 1360368
6.60001 1360904
6.60001 1361440
6.60001 1361976
6.60001 1362512
6.60001 1363048
6.60002 1363584
6.60002 1364120
6.60002 1364656
6.60002 1365192
6.60002 1365728
6.60002 1366264
6.60002 1366800
6.60002 1367336
6.60002 1367872
6.60002 1368408
6.60002 1368944
6.60002 1369480
6.60002 1370016
6.60002 1370552
6.60002 1371088
6.60002 1371624
6.60002 1372160
6.60002 1372696
6.60002 1373232
6.60002 1373768
6.60002 1374304
6.60002 1374840
6.60002 1375376
6.60002 1375912
6.60002 1376448
6.60002 1376984
6.60002 1377520
6.60002 1378056
6.60002 1378592
6.60002 1379128
6.60002 1379664
6.60002 1380200
6.60002 1380736
6.60002 1381272
6.60002 1381808
6.60002 1382344
6.60002 1382880
6.60002 1383416
6.60002 1383952
6.60002 1384488
6.60002 1385024
6.60002 1385560
6.60002 1386096
6.60002 1386632
6.60002 1387168
6.60002 1387704
6.60002 1388240
6.60002 1388776
6.60002 1389312
6.60002 1389848
6.60002 1390384
6.60002 1390920
6.60002 1391456
6.60002 1391992
6.60002 1392528
6.60003 1393064
6.60003 1393600
6.60003 1394136
6.60003 1394672
6.60003 1395208
6.60003 1395744
6.60003 1396280
6.60003 1396816
6.60003 1397352
6.60003 1397888
6.60003 1398424
6.60003 1398960
6.60003 1399496
6.60003 1400032
6.60003 1400568
6.60003 1401104
6.60003 1401640
6.60003 1402176
6.80001 1402712
6.80001 1403248
6.80001 1403784
6.80001 1404320
6.80001 1404856
6.80001 1405392
6.80001 1405928
6.80001 1406464
6.80001 1407000
6.80001 1407536
6.80001 1408072
6.80001 1408608
6.80001 1409144
6.80001 1409680
6.80001 1410216
6.80001 1410752
6.80001 1411288
6.80001 1411824
6.80001 1412360
6.80001 1412896
6.80001 1413432
6.80001 1413968
6.80001 1414504
6.80001 1415040
6.80001 1415576
6.80001 1416112
6.80001 1416648
6.80001 1417184
6.80001 1417720
6.80001 1418256
6.80001 1418792
6.80001 1419328
6.80001 1419864
6.80001 1420400
6.80001 1420936
6.80001 1421472
6.80001 1422008
6.80001 1422544
6.80001 1423080
6.80001 1423616
6.80001 1424152
6.80001 1424688
6.80001 1425224
6.80001 1425760
6.80001 1426296
6.80001 1426832
6.80001 1427368
6.80001 1427904
6.80001 1428440
6.80001 1428976
6.80001 1429512
6.80001 1430048
6.80001 1430584
6.80001 1431120
6.80002 1431656
6.80002 1432192
6.80002 1432728
6.80002 1433264
6.80002 1433800
6.80002 1434336
6.80002 1434872
6.80002 1435408
6.80002 1435944
6.80002 1436480
6.80002 1437016
6.80002 1437552
6.80002 1438088
6.80002 1438624
6.80002 1439160
6.80002 1439696
6.80002 1440232
6.80002 1440768
6.80002 1441304
6.80002 1441840
6.80002 1442376
6.80002 1442912
6.80002 1443448
6.80002 1443984
6.80002 1444520
6.80002 1445056
6.80002 1445592
6.80002 1446128
6.80002 1446664
6.80002 1447200
6.80002 1447736
6.80002 1448272
6.80002 1448808
6.80002 1449344
6.80002 1449880
6.80002 1450416
6.80002 1450952
6.80002 1451488
6.80002 1452024
6.80002 1452560
6.80002 1453096
6.80002 1453632
6.80002 1454168
6.80002 1454704
6.80002 1455240
6.80002 1455776
6.80002 1456312
6.80002 1456848
6.80002 1457384
6.80002 1457920
6.80002 1458456
6.80002 1458992
6.80002 1459528
6.80002 1460064
6.80002 1460600
6.80003 1461136
6.80003 1461672
6.80003 1462208
6.80003 1462744
6.80003 1463280
6.80003 1463816
6.80003 1464352
6.80003 1464888
6.80003 1465424
6.80003 1465960
6.80003 1466496
6.80003 1467032
6.80003 1467568
6.80003 1468104
6.80003 1468640
6.80003 1469176
6.80003 1469712
6.80003 1470248
6.80003 1470784
7.00001 1471320
7.00001 1471856
7.00001 1472392
7.00001 1472928
7.00001 1473464
7.00001 1474000
7.00001 1474536
7.00001 1475072
7.00001 1475608
7.00001 1476144
7.00001 1476680
7.00001 1477216
7.00001 1477752
7.00001 1478288
7.00001 1478824
7.00001 1479360
7.00001 1479896
7.00001 1480432
7.00001 1480968
7.00001 1481504
7.00001 1482040
7.00001 1482576
7.00001 1483112
7.00001 1483648
7.00001 1484184
7.00001 1484720
7.00001 1485256
7.00001 1485792
7.00001 1486328
7.00001 1486864
7.00001 1487400
7.00001 1487936
7.00001 1488472
7.00001 1489008
7.00001 1489544
7.00001 1490080
7.00001 1490616
7.00001 1491152
7.00001 1491688
7.00001 1492224
7.00001 1492760
7.00001 1493296
7.00001 1493832
7.00001 1494368
7.00001 1494904
7.00001 1495440
7.00001 1495976
7.00001 1496512
7.00001 1497048
7.00001 1497584
7.00001 1498120
7.00001 1498656
7.00002 1499192
7.00002 1499728
7.00002 1500264
7.00002 1500800
7.00002 1501336
7.00002 1501872
7.00002 1502408
7.00002 1502944
7.00002 1503480
7.00002 1504016
7.00002 1504552
7.00002 1505088
7.00002 1505624
7.00002 1506160
7.00002 1506696
7.00002 1507232
7.00002 1507768
7.00002 1508304
7.00002 1508840
7.00002 1509376
7.00002 1509912
7.00002 1510448
7.00002 1510984
7.00002 1511520
7.00002 1512056
7.00002 1512592
7.00002 1513128
7.00002 1513664
7.00002 1514200
7.00002 1514736
7.00002 1515272
7.00002 1515808
7.00002 1516344
7.00002 1516880
7.00002 1517416
7.00002 1517952
7.00002 1518488
7.00002 1519024
7.00002 1519560
7.00002 1520096
7.00002 1520632
7.00002 1521168
7.00002 1521704
7.00002 1522240
7.00002 1522776
7.00002 1523312
7.00002 1523848
7.00002 1524384
7.00002 1524920
7.00002 1525456
7.00002 1525992
7.00002 1526528
7.00002 1527064
7.00002 1527600
7.00002 1528136
7.00002 1528672
7.00003 1529208
7.00003 1529744
7.00003 1530280
7.00003 1530816
7.00003 1531352
7.00003 1531888
7.00003 1532424
7.00003 1532960
7.00003 1533496
7.00003 1534032
7.00003 1534568
7.00003 1535104
7.00003 1535640
7.00003 1536176
7.00003 1536712
7.00003 1537248
7.00003 1537784
7.00003 1538320
7.00003 1538856
7.00003 1539392
7.20001 1539928
7.20001 1540464
7.20001 1541000
7.20001 1541536
7.20001 1542072
7.20001 1542608
7.20001 1543144
7.20001 1543680
7.20001 1544216
7.20001 1544752
7.20001 1545288
7.20001 1545824
7.20001 1546360
7.20001 1546896
7.20001 1547432
7.20001 1547968
7.20001 1548504
7.20001 1549040
7.20001 1549576
7.20001 1550112
7.20001 1550648
7.20001 1551184
7.20001 1551720
7.20001 1552256
7.20001 1552792
7.20001 1553328
7.20001 1553864
7.20001 1554400
7.20001 1554936
7.20001 1555472
7.20001 1556008
7.20001 1556544
7.20001 1557080
7.20001 1557616
7.20001 1558152
7.20001 1558688
7.20001 1559224
7.20001 1559760
7.20001 1560296
7.20001 1560832
7.20001 1561368
7.20001 1561904
7.20001 1562440
7.20001 1562976
7.20001 1563512
7.20001 1564048
7.20001 1564584
7.20001 1565120
7.20001 1565656
7.20001 1566192
7.20001 1566728
7.20002 1567264
7.20002 1567800
7.20002 1568336
7.20002 1568872
7.20002 1569408
7.20002 1569944
7.20002 1570480
7.20002 1571016
7.20002 1571552
7.20002 1572088
7.20002 1572624
7.20002 1573160
7.20002 1573696
7.20002 1574232
7.20002 1574768
7.20002 1575304
7.20002 1575840
7.20002 1576376
7.20002 1576912
7.20002 1577448
7.20002 1577984
7.20002 1578520
7.20002 1579056
7.20002 1579592
7.20002 1580128
7.20002 1580664
7.20002 1581200
7.20002 1581736
7.20002 1582272
7.20002 1582808
7.20002 1583344
7.20002 1583880
7.20002 1584416
7.20002 1584952
7.20002 1585488
7.20002 1586024
7.20002 1586560
7.20002 1587096
7.20002 1587632
7.20002 1588168
7.20002 1588704
7.20002 1589240
7.20002 1589776
7.20002 1590312
7.20002 1590848
7.20002 1591384
7.20002 1591920
7.20002 1592456
7.20002 1592992
7.20002 1593528
7.20002 1594064
7.20002 1594600
7.20002 1595136
7.20002 1595672
7.20002 1596208
7.20002 1596744
7.20003 1597280
7.20003 1597816
7.20003 1598352
7.20003 1598888
7.20003 1599424
7.20003 1599960
7.20003 1600496
7.20003 1601032
7.20003 1601568
7.20003 1602104
7.20003 1602640
7.20003 1603176
7.20003 1603712
7.20003 1604248
7.20003 1604784
7.20003 1605320
7.20003 1605856
7.20003 1606392
7.20003 1606928
7.20003 1607464
7.20003 1608000
7.40001 1608536
7.40001 1609072
7.40001 1609608
7.40001 1610144
7.40001 1610680
7.40001 1611216
7.40001 1611752
7.40001 1612288
7.40001 1612824
7.40001 1613360
7.40001 1613896
7.40001 1614432
7.40001 1614968
7.40001 1615504
7.40001 1616040
7.40001 1616576
7.40001 1617112
7.40001 1617648
7.40001 1618184
7.40001 1618720
7.40001 1619256
7.40001 1619792
7.40001 1620328
7.40001 1620864
7.40001 1621400
7.40001 1621936
7.40001 1622472
7.40001 1623008
7.40001 1623544
7.40001 1624080
7.40001 1624616
7.40001 1625152
7.40001 1625688
7.40001 1626224
7.40001 1626760
7.40001 1627296
7.40001 1627832
7.40001 1628368
7.40001 1628904
7.40001 1629440
7.40001 1629976
7.40001 1630512
7.40001 1631048
7.40001 1631584
7.40001 1632120
7.40001 1632656
7.40001 1633192
7.40001 1633728
7.40001 1634264
7.40001 1634800
7.40002 1635336
7.40002 1635872
7.40002 1636408
7.40002 1636944
7.40002 1637480
7.40002 1638016
7.40002 1638552
7.40002 1639088
7.40002 1639624
7.40002 1640160
7.40002 1640696
7.40002 1641232
7.40002 1641768
7.40002 1642304
7.40002 1642840
7.40002 1643376
7.40002 1643912
7.40002 1644448
7.40002 1644984
7.40002 1645520
7.40002 1646056
7.40002 1646592
7.40002 1647128
7.40002 1647664
7.40002 1648200
7.40002 1648736
7.40002 1649272
7.40002 1649808
7.40002 1650344
7.40002 1650880
7.40002 1651416
7.40002 1651952
7.40002 1652488
7.40002 1653024
7.40002 1653560
7.40002 1654096
7.40002 1654632
7.40002 1655168
7.40002 1655704
7.40002 1656240
7.40002 1656776
7.40002 1657312
7.40002 1657848
7.40002 1658384
7.40002 1658920
7.40002 1659456
7.40002 1659992
7.40002 1660528
7.40002 1661064
7.40002 1661600
7.40002 1662136
7.40002 1662672
7.40002 1663208
7.40002 1663744
7.40002 1664280
7.40002 1664816
7.40003 1665352
7.40003 1665888
7.40003 1666424
7.40003 1666960
7.40003 1667496
7.40003 1668032
7.40003 1668568
7.40003 1669104
7.40003 1669640
7.40003 1670176
7.40003 1670712
7.40003 1671248
7.40003 1671784
7.40003 1672320
7.40003 1672856
7.40003 1673392
7.40003 1673928
7.40003 1674464
7.40003 1675000
7.40003 1675536
7.40003 1676072
7.40003 1676608
7.60001 1677144
7.60001 1677680
7.60001 1678216
7.60001 1678752
7.60001 1679288
7.60001 1679824
7.60001 1680360
7.60001 1680896
7.60001 1681432
7.60001 1681968
7.60001 1682504
7.60001 1683040
7.60001 1683576
7.60001 1684112
7.60001 1684648
7.60001 1685184
7.60001 1685720
7.60001 1686256
7.60001 1686792
7.60001 1687328
7.60001 1687864
7.60001 1688400
7.60001 1688936
7.60001 1689472
7.60001 1690008
7.60001 1690544
7.60001 1691080
7.60001 1691616
7.60001 1692152
7.60001 1692688
7.60001 1693224
7.60001 1693760
7.60001 1694296
7.60001 1694832
7.60001 1695368
7.60001 1695904
7.60001 1696440
7.60001 1696976
7.60001 1697512
7.60001 1698048
7.60001 1698584
7.60001 1699120
7.60001 1699656
7.60001 1700192
7.60001 1700728
7.60001 1701264
7.60001 1701800
7.60001 1702336
7.60001 1702872
7.60002 1703408
7.60002 1703944
7.60002 1704480
7.60002 1705016
7.60002 1705552
7.60002 1706088
7.60002 1706624
7.60002 1707160
7.60002 1707696
7.60002 1708232
7.60002 1708768
7.60002 1709304
7.60002 1709840
7.60002 1710376
7.60002 1710912
7.60002 1711448
7.60002 1711984
7.60002 1712520
7.60002 1713056
7.60002 1713592
7.60002 1714128
7.60002 1714664
7.60002 1715200
7.60002 1715736
7.60002 1716272
7.60002 1716808
7.60002 1717344
7.60002 1717880
7.60002 1718416
7.60002 1718952
7.60002 1719488
7.60002 1720024
7.60002 1720560
7.60002 1721096
7.60002 1721632
7.60002 1722168
7.60002 1722704
7.60002 1723240
7.60002 1723776
7.60002 1724312
7.60002 1724848
7.60002 1725384
7.60002 1725920
7.60002 1726456
7.60002 1726992
7.60002 1727528
7.60002 1728064
7.60002 1728600
7.60002 1729136
7.60002 1729672
7.60002 1730208
7.60002 1730744
7.60002 1731280
7.60002 1731816
7.60002 1732352
7.60002 1732888
7.60003 1733424
7.60003 1733960
7.60003 1734496
7.60003 1735032
7.60003 1735568
7.60003 1736104
7.60003 1736640
7.60003 1737176
7.60003 1737712
7.60003 1738248
7.60003 1738784
7.60003 1739320
7.60003 1739856
7.60003 1740392
7.60003 1740928
7.60003 1741464
7.60003 1742000
7.60003 1742536
7.60003 1743072
7.60003 1743608
7.60003 1744144
7.60003 1744680
7.60003 1745216
7.80001 1745752
7.80001 1746288
7.80001 1746824
7.80001 1747360
7.80001 1747896
7.80001 1748432
7.80001 1748968
7.80001 1749504
7.80001 1750040
7.80001 1750576
7.80001 1751112
7.80001 1751648
7.80001 1752184
7.80001 1752720
7.80001 1753256
7.80001 1753792
7.80001 1754328
7.80001 1754864
7.80001 1755400
7.80001 1755936
7.80001 1756472
7.80001 1757008
7.80001 1757544
7.80001 1758080
7.80001 1758616
7.80001 1759152
7.80001 1759688
7.80001 1760224
7.80001 1760760
7.80001 1761296
7.80001 1761832
7.80001 1762368
7.80001 1762904
7.80001 1763440
7.80001 1763976
7.80001 1764512
7.80001 1765048
7.80001 1765584
7.80001 1766120
7.80001 1766656
7.80001 1767192
7.80001 1767728
7.80001 1768264
7.80001 1768800
7.80001 1769336
7.80001 1769872
7.80001 1770408
7.80001 1770944
7.80002 1771480
7.80002 1772016
7.80002 1772552
7.80002 1773088
7.80002 1773624
7.80002 1774160
7.80002 1774696
7.80002 1775232
7.80002 1775768
7.80002 1776304
7.80002 1776840
7.80002 1777376
7.80002 1777912
7.80002 1778448
7.80002 1778984
7.80002 1779520
7.80002 1780056
7.80002 1780592
7.80002 1781128
7.80002 1781664
7.80002 1782200
7.80002 1782736
7.80002 1783272
7.80002 1783808
7.80002 1784344
7.80002 1784880
7.80002 1785416
7.80002 1785952
7.80002 1786488
7.80002 1787024
7.80002 1787560
7.80002 1788096
7.80002 1788632
7.80002 1789168
7.80002 1789704
7.80002 1790240
7.80002 1790776
7.80002 1791312
7.80002 1791848
7.80002 1792384
7.80002 1792920
7.80002 1793456
7.80002 1793992
7.80002 1794528
7.80002 1795064
7.80002 1795600
7.80002 1796136
7.80002 1796672
7.80002 1797208
7.80002 1797744
7.80002 1798280
7.80002 1798816
7.80002 1799352
7.80002 1799888
7.80002 1800424
7.80002 1800960
7.80003 1801496
7.80003 1802032
7.80003 1802568
7.80003 1803104
7.80003 1803640
7.80003 1804176
7.80003 1804712
7.80003 1805248
7.80003 1805784
7.80003 1806320
7.80003 1806856
7.80003 1807392
7.80003 1807928
7.80003 1808464
7.80003 1809000
7.80003 1809536
7.80003 1810072
7.80003 1810608
7.80003 1811144
7.80003 1811680
7.80003 1812216
7.80003 1812752
7.80003 1813288
7.80003 1813824
8.00001 1814360
8.00001 1814896
8.00001 1815432
8.00001 1815968
8.00001 1816504
8.00001 1817040
8.00001 1817576
8.00001 1818112
8.00001 1818648
8.00001 1819184
8.00001 1819720
8.00001 1820256
8.00001 1820792
8.00001 1821328
8.00001 1821864
8.00001 1822400
8.00001 1822936
8.00001 1823472
8.00001 1824008
8.00001 1824544
8.00001 1825080
8.00001 1825616
8.00001 1826152
8.00001 1826688
8.00001 1827224
8.00001 1827760
8.00001 1828296
8.00001 1828832
8.00001 1829368
8.00001 1829904
8.00001 1830440
8.00001 1830976
8.00001 1831512
8.00001 1832048
8.00001 1832584
8.00001 1833120
8.00001 1833656
8.00001 1834192
8.00001 1834728
8.00001 1835264
8.00001 1835800
8.00001 1836336
8.00001 1836872
8.00001 1837408
8.00001 1837944
8.00001 1838480
8.00001 1839016
8.00002 1839552
8.00002 1840088
8.00002 1840624
8.00002 1841160
8.00002 1841696
8.00002 1842232
8.00002 1842768
8.00002 1843304
8.00002 1843840
8.00002 1844376
8.00002 1844912
8.00002 1845448
8.00002 1845984
8.00002 1846520
8.00002 1847056
8.00002 1847592
8.00002 1848128
8.00002 1848664
8.00002 1849200
8.00002 1849736
8.00002 1850272
8.00002 1850808
8.00002 1851344
8.00002 1851880
8.00002 1852416
8.00002 1852952
8.00002 1853488
8.00002 1854024
8.00002 1854560
8.00002 1855096
8.00002 1855632
8.00002 1856168
8.00002 1856704
8.00002 1857240
8.00002 1857776
8.00002 1858312
8.00002 1858848
8.00002 1859384
8.00002 1859920
8.00002 1860456
8.00002 1860992
8.00002 1861528
8.00002 1862064
8.00002 1862600
8.00002 1863136
8.00002 1863672
8.00002 1864208
8.00002 1864744
8.00002 1865280
8.00002 1865816
8.00002 1866352
8.00002 1866888
8.00002 1867424
8.00002 1867960
8.00002 1868496
8.00002 1869032
8.00003 1869568
8.00003 1870104
8.00003 1870640
8.00003 1871176
8.00003 1871712
8.00003 1872248
8.00003 1872784
8.00003 1873320
8.00003 1873856
8.00003 1874392
8.00003 1874928
8.00003 1875464
8.00003 1876000
8.00003 1876536
8.00003 1877072
8.00003 1877608
8.00003 1878144
8.00003 1878680
8.00003 1879216
8.00003 1879752
8.00003 1880288
8.00003 1880824
8.00003 1881360
8.00003 1881896
8.00003 1882432
8.20001 1882968
8.20001 1883504
8.20001 1884040
8.20001 1884576
8.20001 1885112
8.20001 1885648
8.20001 1886184
8.20001 1886720
8.20001 1887256
8.20001 1887792
8.20001 1888328
8.20001 1888864
8.20001 1889400
8.20001 1889936
8.20001 1890472
8.20001 1891008
8.20001 1891544
8.20001 1892080
8.20001 1892616
8.20001 1893152
8.20001 1893688
8.20001 1894224
8.20001 1894760
8.20001 1895296
8.20001 1895832
8.20001 1896368
8.20001 1896904
8.20001 1897440
8.20001 1897976
8.20001 1898512
8.20001 1899048
8.20001 1899584
8.20001 1900120
8.20001 1900656
8.20001 1901192
8.20001 1901728
8.20001 1902264
8.20001 1902800
8.20001 1903336
8.20001 1903872
8.20001 1904408
8.20001 1904944
8.20001 1905480
8.20001 1906016
8.20001 1906552
8.20001 1907088
8.20002 1907624
8.20002 1908160
8.20002 1908696
8.20002 1909232
8.20002 1909768
8.20002 1910304
8.20002 1910840
8.20002 1911376
8.20002 1911912
8.20002 1912448
8.20002 1912984
8.20002 1913520
8.20002 1914056
8.20002 1914592
8.20002 1915128
8.20002 1915664
8.20002 1916200
8.20002 1916736
8.20002 1917272
8.20002 1917808
8.20002 1918344
8.20002 1918880
8.20002 1919416
8.20002 1919952
8.20002 1920488
8.20002 1921024
8.20002 1921560
8.20002 1922096
8.20002 1922632
8.20002 1923168
8.20002 1923704
8.20002 1924240
8.20002 1924776
8.20002 1925312
8.20002 1925848
8.20002 1926384
8.20002 1926920
8.20002 1927456
8.20002 1927992
8.20002 1928528
8.20002 1929064
8.20002 1929600
8.20002 1930136
8.20002 1930672
8.20002 1931208
8.20002 1931744
8.20002 1932280
8.20002 1932816
8.20002 1933352
8.20002 1933888
8.20002 1934424
8.20002 1934960
8.20002 1935496
8.20002 1936032
8.20002 1936568
8.20002 1937104
8.20003 1937640
8.20003 1938176
8.20003 1938712
8.20003 1939248
8.20003 1939784
8.20003 1940320
8.20003 1940856
8.20003 1941392
8.20003 1941928
8.20003 1942464
8.20003 1943000
8.20003 1943536
8.20003 1944072
8.20003 1944608
8.20003 1945144
8.20003 1945680
8.20003 1946216
8.20003 1946752
8.20003 1947288
8.20003 1947824
8.20003 1948360
8.20003 1948896
8.20003 1949432
8.20003 1949968
8.20003 1950504
8.20003 1951040
8.40001 1951576
8.40001 1952112
8.40001 1952648
8.40001 1953184
8.40001 1953720
8.40001 1954256
8.40001 1954792
8.40001 1955328
8.40001 1955864
8.40001 1956400
8.40001 1956936
8.40001 1957472
8.40001 1958008
8.40001 1958544
8.40001 1959080
8.40001 1959616
8.40001 1960152
8.40001 1960688
8.40001 1961224
8.40001 1961760
8.40001 1962296
8.40001 1962832
8.40001 1963368
8.40001 1963904
8.40001 1964440
8.40001 1964976
8.40001 1965512
8.40001 1966048
8.40001 1966584
8.40001 1967120
8.40001 1967656
8.40001 1968192
8.40001 1968728
8.40001 1969264
8.40001 1969800
8.40001 1970336
8.40001 1970872
8.40001 1971408
8.40001 1971944
8.40001 1972480
8.40001 1973016
8.40001 1973552
8.40001 1974088
8.40001 1974624
8.40001 1975160
8.40002 1975696
8.40002 1976232
8.40002 1976768
8.40002 1977304
8.40002 1977840
8.40002 1978376
8.40002 1978912
8.40002 1979448
8.40002 1979984
8.40002 1980520
8.40002 1981056
8.40002 1981592
8.40002 1982128
8.40002 1982664
8.40002 1983200
8.40002 1983736
8.40002 1984272
8.40002 1984808
8.40002 1985344
8.40002 1985880
8.40002 1986416
8.40002 1986952
8.40002 1987488
8.40002 1988024
8.40002 1988560
8.40002 1989096
8.40002 1989632
8.40002 1990168
8.40002 1990704
8.40002 1991240
8.40002 1991776
8.40002 1992312
8.40002 1992848
8.40002 1993384
8.40002 1993920
8.40002 1994456
8.40002 1994992
8.40002 1995528
8.40002 1996064
8.40002 1996600
8.40002 1997136
8.40002 1997672
8.40002 1998208
8.40002 1998744
8.40002 1999280
8.40002 1999816
8.40002 2000352
8.40002 2000888
8.40002 2001424
8.40002 2001960
8.40002 2002496
8.40002 2003032
8.40002 2003568
8.40002 2004104
8.40002 2004640
8.40002 2005176
8.40003 2005712
8.40003 2006248
8.40003 2006784
8.40003 2007320
8.40003 2007856
8.40003 2008392
8.40003 2008928
8.40003 2009464
8.40003 2010000
8.40003 2010536
8.40003 2011072
8.40003 2011608
8.40003 2012144
8.40003 2012680
8.40003 2013216
8.40003 2013752
8.40003 2014288
8.40003 2014824
8.40003 2015360
8.40003 2015896
8.40003 2016432
8.40003 2016968
8.40003 2017504
8.40003 2018040
8.40003 2018576
8.40003 2019112
8.40003 2019648
8.60001 2020184
8.60001 2020720
8.60001 2021256
8.60001 2021792
8.60001 2022328
8.60001 2022864
8.60001 2023400
8.60001 2023936
8.60001 2024472
8.60001 2025008
8.60001 2025544
8.60001 2026080
8.60001 2026616
8.60001 2027152
8.60001 2027688
8.60001 2028224
8.60001 2028760
8.60001 2029296
8.60001 2029832
8.60001 2030368
8.60001 2030904
8.60001 2031440
8.60001 2031976
8.60001 2032512
8.60001 2033048
8.60001 2033584
8.60001 2034120
8.60001 2034656
8.60001 2035192
8.60001 2035728
8.60001 2036264
8.60001 2036800
8.60001 2037336
8.60001 2037872
8.60001 2038408
8.60001 2038944
8.60001 2039480
8.60001 2040016
8.60001 2040552
8.60001 2041088
8.60001 2041624
8.60001 2042160
8.60001 2042696
8.60001 2043232
8.60002 2043768
8.60002 2044304
8.60002 2044840
8.60002 2045376
8.60002 2045912
8.60002 2046448
8.60002 2046984
8.60002 2047520
8.60002 2048056
8.60002 2048592
8.60002 2049128
8.60002 2049664
8.60002 2050200
8.60002 2050736
8.60002 2051272
8.60002 2051808
8.60002 2052344
8.60002 2052880
8.60002 2053416
8.60002 2053952
8.60002 2054488
8.60002 2055024
8.60002 2055560
8.60002 2056096
8.60002 2056632
8.60002 2057168
8.60002 2057704
8.60002 2058240
8.60002 2058776
8.60002 2059312
8.60002 2059848
8.60002 2060384
8.60002 2060920
8.60002 2061456
8.60002 2061992
8.60002 2062528
8.60002 2063064
8.60002 2063600
8.60002 2064136
8.60002 2064672
8.60002 2065208
8.60002 2065744
8.60002 2066280
8.60002 2066816
8.60002 2067352
8.60002 2067888
8.60002 2068424
8.60002 2068960
8.60002 2069496
8.60002 2070032
8.60002 2070568
8.60002 2071104
8.60002 2071640
8.60002 2072176
8.60002 2072712
8.60002 2073248
8.60003 2073784
8.60003 2074320
8.60003 2074856
8.60003 2075392
8.60003 2075928
8.60003 2076464
8.60003 2077000
8.60003 2077536
8.60003 2078072
8.60003 2078608
8.60003 2079144
8.60003 2079680
8.60003 2080216
8.60003 2080752
8.60003 2081288
8.60003 2081824
8.60003 2082360
8.60003 2082896
8.60003 2083432
8.60003 2083968
8.60003 2084504
8.60003 2085040
8.60003 2085576
8.60003 2086112
8.60003 2086648
8.60003 2087184
8.60003 2087720
8.60003 2088256
8.80001 2088792
8.80001 2089328
8.80001 2089864
8.80001 2090400
8.80001 2090936
8.80001 2091472
8.80001 2092008
8.80001 2092544
8.80001 2093080
8.80001 2093616
8.80001 2094152
8.80001 2094688
8.80001 2095224
8.80001 2095760
8.80001 2096296
8.80001 2096832
8.80001 2097368
8.80001 2097904
8.80001 2098440
8.80001 2098976
8.80001 2099512
8.80001 2100048
8.80001 2100584
8.80001 2101120
8.80001 2101656
8.80001 2102192
8.80001 2102728
8.80001 2103264
8.80001 2103800
8.80001 2104336
8.80001 2104872
8.80001 2105408
8.80001 2105944
8.80001 2106480
8.80001 2107016
8.80001 2107552
8.80001 2108088
8.80001 2108624
8.80001 2109160
8.80001 2109696
8.80001 2110232
8.80001 2110768
8.80001 2111304
8.80002 2111840
8.80002 2112376
8.80002 2112912
8.80002 2113448
8.80002 2113984
8.80002 2114520
8.80002 2115056
8.80002 2115592
8.80002 2116128
8.80002 2116664
8.80002 2117200
8.80002 2117736
8.80002 2118272
8.80002 2118808
8.80002 2119344
8.80002 2119880
8.80002 2120416
8.80002 2120952
8.80002 2121488
8.80002 2122024
8.80002 2122560
8.80002 2123096
8.80002 2123632
8.80002 2124168
8.80002 2124704
8.80002 2125240
8.80002 2125776
8.80002 2126312
8.80002 2126848
8.80002 2127384
8.80002 2127920
8.80002 2128456
8.80002 2128992
8.80002 2129528
8.80002 2130064
8.80002 2130600
8.80002 2131136
8.80002 2131672
8.80002 2132208
8.80002 2132744
8.80002 2133280
8.80002 2133816
8.80002 2134352
8.80002 2134888
8.80002 2135424
8.80002 2135960
8.80002 2136496
8.80002 2137032
8.80002 2137568
8.80002 2138104
8.80002 2138640
8.80002 2139176
8.80002 2139712
8.80002 2140248
8.80002 2140784
8.80002 2141320
8.80003 2141856
8.80003 2142392
8.80003 2142928
8.80003 2143464
8.80003 2144000
8.80003 2144536
8.80003 2145072
8.80003 2145608
8.80003 2146144
8.80003 2146680
8.80003 2147216
8.80003 2147752
8.80003 2148288
8.80003 2148824
8.80003 2149360
8.80003 2149896
8.80003 2150432
8.80003 2150968
8.80003 2151504
8.80003 2152040
8.80003 2152576
8.80003 2153112
8.80003 2153648
8.80003 2154184
8.80003 2154720
8.80003 2155256
8.80003 2155792
8.80003 2156328
8.80003 2156864
9.00001 2157400
9.00001 2157936
9.00001 2158472
9.00001 2159008
9.00001 2159544
9.00001 2160080
9.00001 2160616
9.00001 2161152
9.00001 2161688
9.00001 2162224
9.00001 2162760
9.00001 2163296
9.00001 2163832
9.00001 2164368
9.00001 2164904
9.00001 2165440
9.00001 2165976
9.00001 2166512
9.00001 2167048
9.00001 2167584
9.00001 2168120
9.00001 2168656
9.00001 2169192
9.00001 2169728
9.00001 2170264
9.00001 2170800
9.00001 2171336
9.00001 2171872
9.00001 2172408
9.00001 2172944
9.00001 2173480
9.00001 2174016
9.00001 2174552
9.00001 2175088
9.00001 2175624
9.00001 2176160
9.00001 2176696
9.00001 2177232
9.00001 2177768
9.00001 2178304
9.00001 2178840
9.00001 2179376
9.00002 2179912
9.00002 2180448
9.00002 2180984
9.00002 2181520
9.00002 2182056
9.00002 2182592
9.00002 2183128
9.00002 2183664
9.00002 2184200
9.00002 2184736
9.00002 2185272
9.00002 2185808
9.00002 2186344
9.00002 2186880
9.00002 2187416
9.00002 2187952
9.00002 2188488
9.00002 2189024
9.00002 2189560
9.00002 2190096
9.00002 2190632
9.00002 2191168
9.00002 2191704
9.00002 2192240
9.00002 2192776
9.00002 2193312
9.00002 2193848
9.00002 2194384
9.00002 2194920
9.00002 2195456
9.00002 2195992
9.00002 2196528
9.00002 2197064
9.00002 2197600
9.00002 2198136
9.00002 2198672
9.00002 2199208
9.00002 2199744
9.00002 2200280
9.00002 2200816
9.00002 2201352
9.00002 2201888
9.00002 2202424
9.00002 2202960
9.00002 2203496
9.00002 2204032
9.00002 2204568
9.00002 2205104
9.00002 2205640
9.00002 2206176
9.00002 2206712
9.00002 2207248
9.00002 2207784
9.00002 2208320
9.00002 2208856
9.00002 2209392
9.00003 2209928
9.00003 2210464
9.00003 2211000
9.00003 2211536
9.00003 2212072
9.00003 2212608
9.00003 2213144
9.00003 2213680
9.00003 2214216
9.00003 2214752
9.00003 2215288
9.00003 2215824
9.00003 2216360
9.00003 2216896
9.00003 2217432
9.00003 2217968
9.00003 2218504
9.00003 2219040
9.00003 2219576
9.00003 2220112
9.00003 2220648
9.00003 2221184
9.00003 2221720
9.00003 2222256
9.00003 2222792
9.00003 2223328
9.00003 2223864
9.00003 2224400
9.00003 2224936
9.00003 2225472
9.20001 2226008
9.20001 2226544
9.20001 2227080
9.20001 2227616
9.20001 2228152
9.20001 2228688
9.20001 2229224
9.20001 2229760
9.20001 2230296
9.20001 2230832
9.20001 2231368
9.20001 2231904
9.20001 2232440
9.20001 2232976
9.20001 2233512
9.20001 2234048
9.20001 2234584
9.20001 2235120
9.20001 2235656
9.20001 2236192
9.20001 2236728
9.20001 2237264
9.20001 2237800
9.20001 2238336
9.20001 2238872
9.20001 2239408
9.20001 2239944
9.20001 2240480
9.20001 2241016
9.20001 2241552
9.20001 2242088
9.20001 2242624
9.20001 2243160
9.20001 2243696
9.20001 2244232
9.20001 2244768
9.20001 2245304
9.20001 2245840
9.20001 2246376
9.20001 2246912
9.20001 2247448
9.20002 2247984
9.20002 2248520
9.20002 2249056
9.20002 2249592
9.20002 2250128
9.20002 2250664
9.20002 2251200
9.20002 2251736
9.20002 2252272
9.20002 2252808
9.20002 2253344
9.20002 2253880
9.20002 2254416
9.20002 2254952
9.20002 2255488
9.20002 2256024
9.20002 2256560
9.20002 2257096
9.20002 2257632
9.20002 2258168
9.20002 2258704
9.20002 2259240
9.20002 2259776
9.20002 2260312
9.20002 2260848
9.20002 2261384
9.20002 2261920
9.20002 2262456
9.20002 2262992
9.20002 2263528
9.20002 2264064
9.20002 2264600
9.20002 2265136
9.20002 2265672
9.20002 2266208
9.20002 2266744
9.20002 2267280
9.20002 2267816
9.20002 2268352
9.20002 2268888
9.20002 2269424
9.20002 2269960
9.20002 2270496
9.20002 2271032
9.20002 2271568
9.20002 2272104
9.20002 2272640
9.20002 2273176
9.20002 2273712
9.20002 2274248
9.20002 2274784
9.20002 2275320
9.20002 2275856
9.20002 2276392
9.20002 2276928
9.20002 2277464
9.20003 2278000
9.20003 2278536
9.20003 2279072
9.20003 2279608
9.20003 2280144
9.20003 2280680
9.20003 2281216
9.20003 2281752
9.20003 2282288
9.20003 2282824
9.20003 2283360
9.20003 2283896
9.20003 2284432
9.20003 2284968
9.20003 2285504
9.20003 2286040
9.20003 2286576
9.20003 2287112
9.20003 2287648
9.20003 2288184
9.20003 2288720
9.20003 2289256
9.20003 2289792
9.20003 2290328
9.20003 2290864
9.20003 2291400
9.20003 2291936
9.20003 2292472
9.20003 2293008
9.20003 2293544
9.20003 2294080
9.40001 2294616
9.40001 2295152
9.40001 2295688
9.40001 2296224
9.40001 2296760
9.40001 2297296
9.40001 2297832
9.40001 2298368
9.40001 2298904
9.40001 2299440
9.40001 2299976
9.40001 2300512
9.40001 2301048
9.40001 2301584
9.40001 2302120
9.40001 2302656
9.40001 2303192
9.40001 2303728
9.40001 2304264
9.40001 2304800
9.40001 2305336
9.40001 2305872
9.40001 2306408
9.40001 2306944
9.40001 2307480
9.40001 2308016
9.40001 2308552
9.40001 2309088
9.40001 2309624
9.40001 2310160
9.40001 2310696
9.40001 2311232
9.40001 2311768
9.40001 2312304
9.40001 2312840
9.40001 2313376
9.40001 2313912
9.40001 2314448
9.40001 2314984
9.40001 2315520
9.40002 2316056
9.40002 2316592
9.40002 2317128
9.40002 2317664
9.40002 2318200
9.40002 2318736
9.40002 2319272
9.40002 2319808
9.40002 2320344
9.40002 2320880
9.40002 2321416
9.40002 2321952
9.40002 2322488
9.40002 2323024
9.40002 2323560
9.40002 2324096
9.40002 2324632
9.40002 2325168
9.40002 2325704
9.40002 2326240
9.40002 2326776
9.40002 2327312
9.40002 2327848
9.40002 2328384
9.40002 2328920
9.40002 2329456
9.40002 2329992
9.40002 2330528
9.40002 2331064
9.40002 2331600
9.40002 2332136
9.40002 2332672
9.40002 2333208
9.40002 2333744
9.40002 2334280
9.40002 2334816
9.40002 2335352
9.40002 2335888
9.40002 2336424
9.40002 2336960
9.40002 2337496
9.40002 2338032
9.40002 2338568
9.40002 2339104
9.40002 2339640
9.40002 2340176
9.40002 2340712
9.40002 2341248
9.40002 2341784
9.40002 2342320
9.40002 2342856
9.40002 2343392
9.40002 2343928
9.40002 2344464
9.40002 2345000
9.40002 2345536
9.40003 2346072
9.40003 2346608
9.40003 2347144
9.40003 2347680
9.40003 2348216
9.40003 2348752
9.40003 2349288
9.40003 2349824
9.40003 2350360
9.40003 2350896
9.40003 2351432
9.40003 2351968
9.40003 2352504
9.40003 2353040
9.40003 2353576
9.40003 2354112
9.40003 2354648
9.40003 2355184
9.40003 2355720
9.40003 2356256
9.40003 2356792
9.40003 2357328
9.40003 2357864
9.40003 2358400
9.40003 2358936
9.40003 2359472
9.40003 2360008
9.40003 2360544
9.40003 2361080
9.40003 2361616
9.40003 2362152
9.40003 2362688
9.60001 2363224
9.60001 2363760
9.60001 2364296
9.60001 2364832
9.60001 2365368
9.60001 2365904
9.60001 2366440
9.60001 2366976
9.60001 2367512
9.60001 2368048
9.60001 2368584
9.60001 2369120
9.60001 2369656
9.60001 2370192
9.60001 2370728
9.60001 2371264
9.60001 2371800
9.60001 2372336
9.60001 2372872
9.60001 2373408
9.60001 2373944
9.60001 2374480
9.60001 2375016
9.60001 2375552
9.60001 2376088
9.60001 2376624
9.60001 2377160
9.60001 2377696
9.60001 2378232
9.60001 2378768
9.60001 2379304
9.60001 2379840
9.60001 2380376
9.60001 2380912
9.60001 2381448
9.60001 2381984
9.60001 2382520
9.60001 2383056
9.60001 2383592
9.60002 2384128
9.60002 2384664
9.60002 2385200
9.60002 2385736
9.60002 2386272
9.60002 2386808
9.60002 2387344
9.60002 2387880
9.60002 2388416
9.60002 2388952
9.60002 2389488
9.60002 2390024
9.60002 2390560
9.60002 2391096
9.60002 2391632
9.60002 2392168
9.60002 2392704
9.60002 2393240
9.60002 2393776
9.60002 2394312
9.60002 2394848
9.60002 2395384
9.60002 2395920
9.60002 2396456
9.60002 2396992
9.60002 2397528
9.60002 2398064
9.60002 2398600
9.60002 2399136
9.60002 2399672
9.60002 2400208
9.60002 2400744
9.60002 2401280
9.60002 2401816
9.60002 2402352
9.60002 2402888
9.60002 2403424
9.60002 2403960
9.60002 2404496
9.60002 2405032
9.60002 2405568
9.60002 2406104
9.60002 2406640
9.60002 2407176
9.60002 2407712
9.60002 2408248
9.60002 2408784
9.60002 2409320
9.60002 2409856
9.60002 2410392
9.60002 2410928
9.60002 2411464
9.60002 2412000
9.60002 2412536
9.60002 2413072
9.60003 2413608
9.60003 2414144
9.60003 2414680
9.60003 2415216
9.60003 2415752
9.60003 2416288
9.60003 2416824
9.60003 2417360
9.60003 2417896
9.60003 2418432
9.60003 2418968
9.60003 2419504
9.60003 2420040
9.60003 2420576
9.60003 2421112
9.60003 2421648
9.60003 2422184
9.60003 2422720
9.60003 2423256
9.60003 2423792
9.60003 2424328
9.60003 2424864
9.60003 2425400
9.60003 2425936
9.60003 2426472
9.60003 2427008
9.60003 2427544
9.60003 2428080
9.60003 2428616
9.60003 2429152
9.60003 2429688
9.60003 2430224
9.60003 2430760
9.60003 2431296
9.80001 2431832
9.80001 2432368
9.80001 2432904
9.80001 2433440
9.80001 2433976
9.80001 2434512
9.80001 2435048
9.80001 2435584
9.80001 2436120
9.80001 2436656
9.80001 2437192
9.80001 2437728
9.80001 2438264
9.80001 2438800
9.80001 2439336
9.80001 2439872
9.80001 2440408
9.80001 2440944
9.80001 2441480
9.80001 2442016
9.80001 2442552
9.80001 2443088
9.80001 2443624
9.80001 2444160
9.80001 2444696
9.80001 2445232
9.80001 2445768
9.80001 2446304
9.80001 2446840
9.80001 2447376
9.80001 2447912
9.80001 2448448
9.80001 2448984
9.80001 2449520
9.80001 2450056
9.80001 2450592
9.80001 2451128
9.80001 2451664
9.80002 2452200
9.80002 2452736
9.80002 2453272
9.80002 2453808
9.80002 2454344
9.80002 2454880
9.80002 2455416
9.80002 2455952
9.80002 2456488
9.80002 2457024
9.80002 2457560
9.80002 2458096
9.80002 2458632
9.80002 2459168
9.80002 2459704
9.80002 2460240
9.80002 2460776
9.80002 2461312
9.80002 2461848
9.80002 2462384
9.80002 2462920
9.80002 2463456
9.80002 2463992
9.80002 2464528
9.80002 2465064
9.80002 2465600
9.80002 2466136
9.80002 2466672
9.80002 2467208
9.80002 2467744
9.80002 2468280
9.80002 2468816
9.80002 2469352
9.80002 2469888
9.80002 2470424
9.80002 2470960
9.80002 2471496
9.80002 2472032
9.80002 2472568
9.80002 2473104
9.80002 2473640
9.80002 2474176
9.80002 2474712
9.80002 2475248
9.80002 2475784
9.80002 2476320
9.80002 2476856
9.80002 2477392
9.80002 2477928
9.80002 2478464
9.80002 2479000
9.80002 2479536
9.80002 2480072
9.80002 2480608
9.80002 2481144
9.80003 2481680
9.80003 2482216
9.80003 2482752
9.80003 2483288
9.80003 2483824
9.80003 2484360
9.80003 2484896
9.80003 2485432
9.80003 2485968
9.80003 2486504
9.80003 2487040
9.80003 2487576
9.80003 2488112
9.80003 2488648
9.80003 2489184
9.80003 2489720
9.80003 2490256
9.80003 2490792
9.80003 2491328
9.80003 2491864
9.80003 2492400
9.80003 2492936
9.80003 2493472
9.80003 2494008
9.80003 2494544
9.80003 2495080
9.80003 2495616
9.80003 2496152
9.80003 2496688
9.80003 2497224
9.80003 2497760
9.80003 2498296
9.80003 2498832
9.80003 2499368
9.80003 2499904
